[512   0 121]
[ 520    0 1000]
[8189    0  122]
[8195    0 1000]
[16564     0   123]
[21614     0  1111]
[21796     0  1000]
[25493     0    31]
[25498     0  1000]
[34435     0    32]
[34442     0  1000]
[43920     0    33]
[50080     0  1111]
[50218     0  1000]
[54015     0   231]
[54021     0  1000]
[62748     0   232]
[62754     0  1000]
[72011     0   233]
[77939     0  1111]
[78121     0  1000]
[81825     0   131]
[81831     0  1000]
[90292     0   132]
[90298     0  1000]
[99436     0   133]
[105253      0   1111]
[105434      0   1000]
[109195      0    141]
[109201      0   1000]
[119782      0    142]
[119788      0   1000]
[130922      0    143]
[138734      0   1111]
[138916      0   1000]
[142677      0    111]
[142683      0   1000]
[153528      0    112]
[153535      0   1000]
[164846      0    113]
[172830      0   1111]
[172977      0   1000]
[176766      0     11]
[176773      0   1000]
[187042      0     12]
[187048      0   1000]
[198054      0     13]
[205741      0   1111]
[205889      0   1000]
[209672      0     21]
[209678      0   1000]
[217352      0     22]
[217357      0   1000]
[225582      0     23]
[230488      0   1111]
[230670      0   1000]
[234434      0     41]
[234440      0   1000]
[244750      0     42]
[244756      0   1000]
[255583      0     43]
[263089      0   1111]
[263271      0   1000]
[266972      0    211]
[266978      0   1000]
[274913      0    212]
[274920      0   1000]
[283553      0    213]
[288860      0   1111]
[289037      0   1000]
[292804      0    221]
[292811      0   1000]
[304710      0    222]
[304717      0   1000]
[317308      0    223]
[326580      0   1111]
[326763      0   1000]
[330459      0    241]
[330464      0   1000]
[338396      0    242]
[338401      0   1000]
[346985      0    243]
[352248      0   1111]
[352430      0   1000]
[392324      0    221]
[392331      0   1000]
[404181      0    222]
[404186      0   1000]
[416779      0    223]
[426052      0   1111]
[426227      0   1000]
[429990      0     41]
[429997      0   1000]
[440308      0     42]
[440313      0   1000]
[451139      0     43]
[458645      0   1111]
[458822      0   1000]
[462586      0    111]
[462592      0   1000]
[473429      0    112]
[473436      0   1000]
[484740      0    113]
[492725      0   1111]
[492907      0   1000]
[496605      0     21]
[496612      0   1000]
[504283      0     22]
[504288      0   1000]
[512515      0     23]
[517421      0   1111]
[517601      0   1000]
[521351      0    211]
[521358      0   1000]
[529295      0    212]
[529300      0   1000]
[537927      0    213]
[543233      0   1111]
[543414      0   1000]
[547165      0    131]
[547171      0   1000]
[555586      0    132]
[555591      0   1000]
[564729      0    133]
[570546      0   1111]
[570728      0   1000]
[574430      0     31]
[574435      0   1000]
[583429      0     32]
[583435      0   1000]
[592913      0     33]
[599071      0   1111]
[599253      0   1000]
[602954      0    231]
[602960      0   1000]
[611638      0    232]
[611643      0   1000]
[620901      0    233]
[626829      0   1111]
[627011      0   1000]
[630710      0    121]
[630715      0   1000]
[638330      0    122]
[638335      0   1000]
[646705      0    123]
[651755      0   1111]
[651937      0   1000]
[655632      0    241]
[655639      0   1000]
[663571      0    242]
[663576      0   1000]
[672159      0    243]
[677422      0   1111]
[677604      0   1000]
[681313      0     11]
[681319      0   1000]
[691634      0     12]
[691640      0   1000]
[702646      0     13]
[710333      0   1111]
[710491      0   1000]
[714272      0    141]
[714278      0   1000]
[724853      0    142]
[724859      0   1000]
[735992      0    143]
[743805      0   1111]
[743982      0   1000]
[760569      0    141]
[760575      0   1000]
[771102      0    142]
[771107      0   1000]
[782242      0    143]
[790056      0   1111]
[790231      0   1000]
[794001      0    221]
[794007      0   1000]
[805906      0    222]
[805913      0   1000]
[818505      0    223]
[827778      0   1111]
[827942      0   1000]
[831709      0    231]
[831715      0   1000]
[840436      0    232]
[840442      0   1000]
[849700      0    233]
[855628      0   1111]
[855810      0   1000]
[859559      0    121]
[859567      0   1000]
[867239      0    122]
[867243      0   1000]
[875615      0    123]
[880665      0   1111]
[880845      0   1000]
[884596      0    211]
[884602      0   1000]
[892530      0    212]
[892536      0   1000]
[901163      0    213]
[906468      0   1111]
[906649      0   1000]
[910357      0     41]
[910363      0   1000]
[920673      0     42]
[920679      0   1000]
[931505      0     43]
[939012      0   1111]
[939193      0   1000]
[942902      0    111]
[942908      0   1000]
[953754      0    112]
[953760      0   1000]
[965073      0    113]
[973056      0   1111]
[973239      0   1000]
[976994      0     11]
[977001      0   1000]
[987260      0     12]
[987265      0   1000]
[998272      0     13]
[1005958       0    1111]
[1006135       0    1000]
[1009840       0     131]
[1009845       0    1000]
[1018260       0     132]
[1018266       0    1000]
[1027403       0     133]
[1033221       0    1111]
[1033402       0    1000]
[1037154       0      31]
[1037161       0    1000]
[1046154       0      32]
[1046159       0    1000]
[1055638       0      33]
[1061797       0    1111]
[1061980       0    1000]
[1065679       0      21]
[1065684       0    1000]
[1073356       0      22]
[1073363       0    1000]
[1081588       0      23]
[1086492       0    1111]
[1086674       0    1000]
[1090370       0     241]
[1090376       0    1000]
[1098309       0     242]
[1098315       0    1000]
[1106905       0     243]
[1112168       0    1111]
[1112349       0    1000]
[1127078       0      41]
[1127085       0    1000]
[1137402       0      42]
[1137409       0    1000]
[1148234       0      43]
[1155741       0    1111]
[1155923       0    1000]
[1159672       0     211]
[1159677       0    1000]
[1167608       0     212]
[1167614       0    1000]
[1176239       0     213]
[1181545       0    1111]
[1181726       0    1000]
[1185422       0      21]
[1185428       0    1000]
[1193096       0      22]
[1193102       0    1000]
[1201327       0      23]
[1206232       0    1111]
[1206413       0    1000]
[1210162       0     121]
[1210169       0    1000]
[1217833       0     122]
[1217838       0    1000]
[1226210       0     123]
[1231260       0    1111]
[1231426       0    1000]
[1235152       0     111]
[1235157       0    1000]
[1246000       0     112]
[1246007       0    1000]
[1257311       0     113]
[1265296       0    1111]
[1265473       0    1000]
[1269228       0     231]
[1269235       0    1000]
[1277914       0     232]
[1277920       0    1000]
[1287176       0     233]
[1293104       0    1111]
[1293285       0    1000]
[1297049       0     221]
[1297055       0    1000]
[1308954       0     222]
[1308960       0    1000]
[1321553       0     223]
[1330825       0    1111]
[1331001       0    1000]
[1334704       0     241]
[1334711       0    1000]
[1342641       0     242]
[1342647       0    1000]
[1351230       0     243]
[1356493       0    1111]
[1356662       0    1000]
[1360433       0      11]
[1360440       0    1000]
[1370757       0      12]
[1370764       0    1000]
[1381768       0      13]
[1389454       0    1111]
[1389630       0    1000]
[1393335       0     131]
[1393342       0    1000]
[1401806       0     132]
[1401812       0    1000]
[1410951       0     133]
[1416768       0    1111]
[1416939       0    1000]
[1420708       0     141]
[1420715       0    1000]
[1431297       0     142]
[1431302       0    1000]
[1442436       0     143]
[1450249       0    1111]
[1450425       0    1000]
[1454181       0      31]
[1454186       0    1000]
[1463174       0      32]
[1463179       0    1000]
[1472658       0      33]
[1478817       0    1111]
[1478974       0    1000]
[1498912       0     131]
[1498918       0    1000]
[1507377       0     132]
[1507383       0    1000]
[1516521       0     133]
[1522338       0    1111]
[1522514       0    1000]
[1526220       0     121]
[1526226       0    1000]
[1533848       0     122]
[1533853       0    1000]
[1542223       0     123]
[1547273       0    1111]
[1547455       0    1000]
[1551151       0     241]
[1551157       0    1000]
[1559089       0     242]
[1559094       0    1000]
[1567677       0     243]
[1572941       0    1111]
[1573111       0    1000]
[1576819       0      31]
[1576824       0    1000]
[1585813       0      32]
[1585820       0    1000]
[1595298       0      33]
[1601457       0    1111]
[1601634       0    1000]
[1605399       0     221]
[1605404       0    1000]
[1617308       0     222]
[1617314       0    1000]
[1629906       0     223]
[1639178       0    1111]
[1639328       0    1000]
[1643119       0     141]
[1643125       0    1000]
[1653706       0     142]
[1653711       0    1000]
[1664846       0     143]
[1672659       0    1111]
[1672839       0    1000]
[1676591       0     231]
[1676596       0    1000]
[1685270       0     232]
[1685276       0    1000]
[1694531       0     233]
[1700460       0    1111]
[1700636       0    1000]
[1704349       0     111]
[1704354       0    1000]
[1715192       0     112]
[1715198       0    1000]
[1726503       0     113]
[1734486       0    1111]
[1734660       0    1000]
[1738426       0      41]
[1738431       0    1000]
[1748743       0      42]
[1748747       0    1000]
[1759575       0      43]
[1767081       0    1111]
[1767257       0    1000]
[1771020       0      11]
[1771026       0    1000]
[1781336       0      12]
[1781342       0    1000]
[1792348       0      13]
[1800034       0    1111]
[1800210       0    1000]
[1803964       0      21]
[1803970       0    1000]
[1811636       0      22]
[1811641       0    1000]
[1819867       0      23]
[1824772       0    1111]
[1824947       0    1000]
[1828702       0     211]
[1828708       0    1000]
[1836638       0     212]
[1836645       0    1000]
[1845278       0     213]
[1850584       0    1111]
[1850759       0    1000]
[1931647       0     144]
[1931719       0    2001]
[1942805       0     214]
[1942877       0    2000]
[1951378       0     244]
[1951450       0    2001]
[1959891       0      24]
[1959964       0    2001]
[1968430       0     224]
[1968503       0    2001]
[1981046       0      34]
[1981119       0    2001]
[1990762       0     134]
[1990835       0    2001]
[1999821       0      44]
[1999894       0    2001]
[2010475       0      14]
[2010549       0    2001]
[2021301       0     234]
[2021374       0    2001]
[2030471       0     114]
[2030545       0    2001]
[2041577       0     124]
[2041651       0    2001]
[2049758       0     114]
[2049832       0    2001]
[2060975       0      24]
[2061049       0    2001]
[2069710       0     124]
[2069785       0    2001]
[2078215       0      44]
[2078290       0    2001]
[2089074       0     214]
[2089149       0    2000]
[2097655       0     144]
[2097731       0    2001]
[2108779       0     244]
[2108854       0    2001]
[2117770       0     234]
[2117845       0    2001]
[2127281       0     134]
[2127357       0    2001]
[2136673       0      14]
[2136749       0    2001]
[2147583       0     224]
[2147660       0    2001]
[2160225       0      34]
[2160302       0    2001]
[2169762       0     144]
[2169839       0    2001]
[2180664       0     134]
[2180741       0    2001]
[2189646       0     244]
[2189724       0    2001]
[2197954       0      24]
[2198031       0    2001]
[2206161       0     114]
[2206238       0    2001]
[2217591       0     214]
[2217669       0    2000]
[2225977       0     124]
[2226055       0    2001]
[2234507       0      44]
[2234585       0    2001]
[2245366       0      34]
[2245445       0    2001]
[2254672       0     224]
[2254751       0    2001]
[2267289       0      14]
[2267367       0    2001]
[2278173       0     234]
[2278253       0    2001]
[2287437       0      34]
[2287517       0    2001]
[2296735       0     114]
[2296815       0    2001]
[2307893       0     214]
[2307973       0    2000]
[2316236       0     234]
[2316316       0    2001]
[2325440       0     134]
[2325520       0    2001]
[2334371       0      44]
[2334451       0    2001]
[2344991       0      24]
[2345072       0    2001]
[2353027       0     144]
[2353107       0    2000]
[2363996       0      14]
[2364077       0    2000]
[2375931       0     224]
[2376012       0    2001]
[2388453       0     244]
[2388534       0    2001]
[2397358       0     124]
[2397440       0    2001]
[2405497       0     234]
[2405578       0    2001]
[2415263       0      44]
[2415346       0    2001]
[2426028       0     134]
[2426111       0    2001]
[2434926       0     114]
[2435008       0    2001]
[2446407       0     244]
[2446490       0    2001]
[2454733       0      34]
[2454816       0    2001]
[2464091       0     214]
[2464174       0    2000]
[2472562       0      14]
[2472645       0    2001]
[2483523       0      24]
[2483606       0    2001]
[2491720       0     144]
[2491804       0    2001]
[2502528       0     124]
[2502612       0    2001]
[2510777       0     224]
[2510861       0    2001]
